 501.082251082251    0.236607142857143 
 504.329004329004    0.232142857142857 
 510.822510822511    0.232142857142857 
 516.233766233766    0.229910714285714 
 520.562770562771    0.227678571428571 
 524.891774891775    0.229910714285714 
 529.220779220779    0.234375000000000 
 535.714285714286    0.245535714285714 
 540.043290043290    0.258928571428571 
 545.454545454546    0.267857142857143 
 549.783549783550    0.265625000000000 
 556.277056277056    0.252232142857143 
 560.606060606061    0.238839285714286 
 566.017316017316    0.250000000000000 
 570.346320346320    0.290178571428571 
 575.757575757576    0.323660714285714 
 581.168831168831    0.325892857142857 
 585.497835497835    0.310267857142857 
 589.826839826840    0.310267857142857 
 595.238095238095    0.325892857142857 
 599.567099567100    0.321428571428571 
 606.060606060606    0.281250000000000 
 611.471861471862    0.290178571428571 
 615.800865800866    0.415178571428571 
 620.129870129870    0.582589285714286 
 626.623376623377    0.712053571428571 
 630.952380952381    0.790178571428571 
 635.281385281385    0.837053571428571 
 639.610389610390    0.866071428571429 
 645.021645021645    0.888392857142857 
 650.432900432900    0.906250000000000 
 655.844155844156    0.915178571428571 
 661.255411255411    0.926339285714286 
 665.584415584416    0.933035714285714 
 670.995670995671    0.939732142857143 
 675.324675324675    0.944196428571429 
 680.735930735931    0.948660714285714 
 685.064935064935    0.950892857142857 
 691.558441558442    0.955357142857143 
 695.887445887446    0.962053571428571 
 701.298701298701    0.964285714285714 
 705.627705627706    0.966517857142857 
 709.956709956710    0.968750000000000 
 715.367965367965    0.970982142857143 
 719.696969696970    0.970982142857143 
 725.108225108225    0.973214285714286 
 729.437229437229    0.973214285714286 
 733.766233766234    0.975446428571429 
 739.177489177489    0.977678571428571 
 743.506493506493    0.979910714285714 
 747.835497835498    0.982142857142857 
 753.246753246753    0.979910714285714 
 758.658008658009    0.979910714285714 
 765.151515151515    0.982142857142857 
 769.480519480519    0.984375000000000 
 774.891774891775    0.984375000000000 
 779.220779220779    0.982142857142857 
 782.467532467532    0.984375000000000 
 788.961038961039    0.986607142857143 
 794.372294372294    0.986607142857143 
 799.783549783550    0.986607142857143 
 805.194805194805    0.986607142857143 
 810.606060606061    0.986607142857143 
 813.852813852814    0.986607142857143 
 819.264069264069    0.986607142857143 
 823.593073593074    0.986607142857143 
 830.086580086580    0.986607142857143 
 834.415584415584    0.986607142857143 
 838.744588744589    0.986607142857143 
 845.238095238095    0.986607142857143 
 850.649350649351    0.988839285714286 
 854.978354978355    0.988839285714286 
 860.389610389610    0.991071428571429 
 864.718614718615    0.991071428571429 
 871.212121212121    0.991071428571429 
 876.623376623377    0.993303571428571 
 880.952380952381    0.993303571428571 
 890.692640692641    0.993303571428571 
 895.021645021645    0.988839285714286 
 901.515151515152    0.991071428571429 
 905.844155844156    0.993303571428571 
 910.173160173160    0.991071428571429 
 915.584415584416    0.988839285714286 
 920.995670995671    0.991071428571429 
 925.324675324675    0.993303571428571 
 930.735930735931    0.993303571428571 
 935.064935064935    0.993303571428571 
 940.476190476190    0.993303571428571 
 945.887445887446    0.993303571428571 
 951.298701298701    0.993303571428571 
 955.627705627706    0.993303571428571 
 958.874458874459    0.993303571428571 
 965.367965367965    0.993303571428571 
 969.696969696970    0.993303571428571 
 975.108225108225    0.991071428571429 
 979.437229437229    0.993303571428571 
 985.930735930736    0.993303571428571 
 990.259740259740    0.993303571428571 
 995.670995670996    0.991071428571429 
 1001.08225108225    0.991071428571429 
 1005.41125541126    0.991071428571429 
 1009.74025974026    0.988839285714286 
 1015.15151515152    0.979910714285714 
 1021.64502164502    0.973214285714286 
 1025.97402597403    0.979910714285714 
 1031.38528138528    0.979910714285714 
 1034.63203463203    0.984375000000000 
 1040.04329004329    0.986607142857143 
 1045.45454545455    0.986607142857143 
 1049.78354978355    0.986607142857143 
 1055.19480519481    0.988839285714286 
 1061.68831168831    0.986607142857143 
 1066.01731601732    0.986607142857143 
 1071.42857142857    0.986607142857143 
 1074.67532467532    0.988839285714286 
 1081.16883116883    0.986607142857143 
 1086.58008658009    0.984375000000000 
 1089.82683982684    0.984375000000000 
 1095.23809523810    0.986607142857143 
 1100.64935064935    0.986607142857143 
 1104.97835497835    0.984375000000000 
 1110.38961038961    0.988839285714286 
 1114.71861471861    0.988839285714286 
 1120.12987012987    0.986607142857143 
 1126.62337662338    0.988839285714286 
 1130.95238095238    0.986607142857143 
 1135.28138528139    0.991071428571429 
 1139.61038961039    0.988839285714286 
 1145.02164502165    0.986607142857143 
 1151.51515151515    0.982142857142857 
 1155.84415584416    0.982142857142857 
 1161.25541125541    0.982142857142857 
 1164.50216450216    0.982142857142857 
 1168.83116883117    0.979910714285714 
 1174.24242424242    0.979910714285714 
 1177.48917748918    0.979910714285714 
 1180.73593073593    0.979910714285714 
 1181.81818181818    0.982142857142857 
 1188.31168831169    0.982142857142857 
 1190.47619047619    0.979910714285714 
 1194.80519480519    0.982142857142857 
 1201.29870129870    0.982142857142857 
 1203.46320346320    0.982142857142857 
 1208.87445887446    0.984375000000000 
 1214.28571428571    0.984375000000000 
 1218.61471861472    0.984375000000000 
 1224.02597402597    0.986607142857143 
 1228.35497835498    0.986607142857143 
 1233.76623376623    0.986607142857143 
 1239.17748917749    0.984375000000000 
 1243.50649350649    0.986607142857143 
 1248.91774891775    0.984375000000000 
 1254.32900432900    0.986607142857143 
 1259.74025974026    0.984375000000000 
 1264.06926406926    0.986607142857143 
 1268.39826839827    0.986607142857143 
 1274.89177489177    0.986607142857143 
 1279.22077922078    0.984375000000000 
 1284.63203463203    0.986607142857143 
 1287.87878787879    0.984375000000000 
 1295.45454545455    0.984375000000000 
 1299.78354978355    0.984375000000000 
 1304.11255411255    0.982142857142857 
 1308.44155844156    0.982142857142857 
 1314.93506493506    0.975446428571429 
 1319.26406926407    0.973214285714286 
 1325.75757575758    0.970982142857143 
 1330.08658008658    0.959821428571429 
 1335.49783549784    0.946428571428571 
 1340.90909090909    0.935267857142857 
 1346.32034632035    0.915178571428571 
 1350.64935064935    0.886160714285714 
 1354.97835497835    0.839285714285714 
 1360.38961038961    0.765625000000000 
 1364.71861471861    0.658482142857143 
 1370.12987012987    0.515625000000000 
 1375.54112554113    0.361607142857143 
 1379.87012987013    0.238839285714286 
 1385.28138528139    0.194196428571429 
 1390.69264069264    0.223214285714286 
 1395.02164502165    0.283482142857143 
 1400.43290043290    0.341517857142857 
 1405.84415584416    0.399553571428571 
 1410.17316017316    0.426339285714286 
 1415.58441558442    0.446428571428571 
 1419.91341991342    0.450892857142857 
 1426.40692640693    0.446428571428571 
 1430.73593073593    0.426339285714286 
 1436.14718614719    0.397321428571429 
 1440.47619047619    0.361607142857143 
 1444.80519480519    0.312500000000000 
 1450.21645021645    0.263392857142857 
 1454.54545454545    0.205357142857143 
 1459.95670995671    0.158482142857143 
 1465.36796536797    0.120535714285714 
 1469.69696969697    0.0959821428571429
 1476.19047619048    0.100446428571429 
 1480.51948051948    0.122767857142857 
 1484.84848484849    0.162946428571429 
 1490.25974025974    0.214285714285714 
 1495.67099567100    0.270089285714286 
 1500.00000000000    0.328125000000000 
