 498.916576381365    0.406250000000000 
 502.166847237270    0.406250000000000 
 508.667388949079    0.408482142857143 
 514.084507042254    0.410714285714286 
 519.501625135428    0.417410714285714 
 522.751895991333    0.421875000000000 
 529.252437703142    0.433035714285714 
 534.669555796316    0.444196428571429 
 540.086673889491    0.466517857142857 
 544.420368364030    0.493303571428571 
 548.754062838570    0.522321428571429 
 554.171180931744    0.537946428571429 
 559.588299024919    0.540178571428571 
 563.921993499458    0.517857142857143 
 569.339111592633    0.477678571428571 
 574.756229685807    0.417410714285714 
 579.089924160347    0.345982142857143 
 584.507042253521    0.270089285714286 
 589.924160346696    0.196428571428571 
 594.257854821235    0.142857142857143 
 598.591549295775    0.109375000000000 
 604.008667388949    0.0982142857142857
 609.425785482124    0.100446428571429 
 614.842903575298    0.111607142857143 
 620.260021668472    0.133928571428571 
 623.510292524377    0.156250000000000 
 628.927410617551    0.174107142857143 
 633.261105092091    0.176339285714286 
 639.761646803900    0.162946428571429 
 644.095341278440    0.133928571428571 
 650.595882990249    0.118303571428571 
 654.929577464789    0.131696428571429 
 659.263271939328    0.176339285714286 
 664.680390032503    0.238839285714286 
 670.097508125677    0.294642857142857 
 674.431202600217    0.321428571428571 
 678.764897074756    0.314732142857143 
 685.265438786565    0.274553571428571 
 689.599133261105    0.207589285714286 
 693.932827735645    0.147321428571429 
 700.433369447454    0.125000000000000 
 704.767063921993    0.165178571428571 
 709.100758396533    0.247767857142857 
 714.517876489708    0.337053571428571 
 719.934994582882    0.410714285714286 
 724.268689057421    0.453125000000000 
 728.602383531961    0.459821428571429 
 735.102925243770    0.428571428571429 
 739.436619718310    0.359375000000000 
 744.853737811484    0.267857142857143 
 750.270855904659    0.176339285714286 
 755.687973997833    0.136160714285714 
 758.938244853738    0.171875000000000 
 764.355362946912    0.272321428571429 
 769.772481040087    0.397321428571429 
 774.106175514626    0.504464285714286 
 779.523293607801    0.580357142857143 
 783.856988082340    0.618303571428571 
 791.440953412784    0.618303571428571 
 795.774647887324    0.582589285714286 
 800.108342361863    0.493303571428571 
 804.442036836403    0.363839285714286 
 808.775731310943    0.263392857142857 
 815.276273022752    0.285714285714286 
 819.609967497291    0.444196428571429 
 823.943661971831    0.633928571428571 
 829.360780065005    0.783482142857143 
 834.777898158180    0.872767857142857 
 840.195016251354    0.919642857142857 
 844.528710725894    0.944196428571429 
 848.862405200433    0.962053571428571 
 854.279523293608    0.970982142857143 
 858.613217768147    0.975446428571429 
 862.946912242687    0.977678571428571 
 869.447453954496    0.979910714285714 
 873.781148429036    0.984375000000000 
 880.281690140845    0.984375000000000 
 884.615384615385    0.984375000000000 
 888.949079089924    0.986607142857143 
 894.366197183099    0.984375000000000 
 898.699891657638    0.984375000000000 
 904.117009750812    0.986607142857143 
 910.617551462622    0.984375000000000 
 914.951245937162    0.986607142857143 
 918.201516793066    0.986607142857143 
 919.284940411701    0.986607142857143 
 925.785482123510    0.986607142857143 
 930.119176598050    0.988839285714286 
 934.452871072589    0.988839285714286 
 939.869989165764    0.986607142857143 
 944.203683640303    0.986607142857143 
 949.620801733478    0.988839285714286 
 953.954496208017    0.984375000000000 
 960.455037919827    0.984375000000000 
 964.788732394366    0.988839285714286 
 970.205850487541    0.984375000000000 
 974.539544962080    0.986607142857143 
 978.873239436620    0.986607142857143 
 985.373781148429    0.988839285714286 
 989.707475622969    0.988839285714286 
 995.124593716143    0.988839285714286 
 1001.62513542795    0.988839285714286 
 1004.87540628386    0.988839285714286 
 1010.29252437703    0.988839285714286 
 1014.62621885157    0.984375000000000 
 1020.04333694475    0.984375000000000 
 1025.46045503792    0.988839285714286 
 1029.79414951246    0.986607142857143 
 1034.12784398700    0.986607142857143 
 1039.54496208017    0.986607142857143 
 1046.04550379198    0.988839285714286 
 1050.37919826652    0.988839285714286 
 1054.71289274106    0.988839285714286 
 1061.21343445287    0.984375000000000 
 1064.46370530878    0.984375000000000 
 1069.88082340195    0.986607142857143 
 1074.21451787649    0.986607142857143 
 1080.71505958830    0.984375000000000 
 1085.04875406284    0.984375000000000 
 1089.38244853738    0.986607142857143 
 1093.71614301192    0.984375000000000 
 1098.04983748646    0.984375000000000 
 1104.55037919827    0.984375000000000 
 1109.96749729144    0.984375000000000 
 1115.38461538462    0.982142857142857 
 1118.63488624052    0.982142857142857 
 1125.13542795233    0.982142857142857 
 1129.46912242687    0.982142857142857 
 1134.88624052004    0.986607142857143 
 1139.21993499458    0.986607142857143 
 1144.63705308776    0.984375000000000 
 1148.97074756230    0.984375000000000 
 1154.38786565547    0.984375000000000 
 1160.88840736728    0.984375000000000 
 1165.22210184182    0.984375000000000 
 1169.55579631636    0.984375000000000 
 1174.97291440953    0.984375000000000 
 1179.30660888407    0.984375000000000 
 1184.72372697725    0.984375000000000 
 1189.05742145179    0.984375000000000 
 1194.47453954496    0.984375000000000 
 1199.89165763814    0.986607142857143 
 1205.30877573131    0.982142857142857 
 1210.72589382449    0.984375000000000 
 1216.14301191766    0.982142857142857 
 1220.47670639220    0.982142857142857 
 1224.81040086674    0.982142857142857 
 1231.31094257855    0.979910714285714 
 1234.56121343445    0.979910714285714 
 1239.97833152763    0.982142857142857 
 1245.39544962080    0.977678571428571 
 1249.72914409534    0.979910714285714 
 1255.14626218852    0.977678571428571 
 1259.47995666306    0.975446428571429 
 1265.98049837486    0.970982142857143 
 1269.23076923077    0.970982142857143 
 1274.64788732394    0.968750000000000 
 1280.06500541712    0.968750000000000 
 1285.48212351029    0.964285714285714 
 1289.81581798483    0.964285714285714 
 1294.14951245937    0.959821428571429 
 1300.65005417118    0.955357142857143 
 1303.90032502709    0.948660714285714 
 1309.31744312026    0.944196428571429 
 1314.73456121343    0.937500000000000 
 1320.15167930661    0.926339285714286 
 1324.48537378115    0.919642857142857 
 1330.98591549296    0.901785714285714 
 1335.31960996750    0.883928571428571 
 1340.73672806067    0.866071428571429 
 1346.15384615385    0.839285714285714 
 1350.48754062839    0.810267857142857 
 1354.82123510293    0.767857142857143 
 1361.32177681473    0.714285714285714 
 1365.65547128927    0.647321428571429 
 1369.98916576381    0.558035714285714 
 1375.40628385699    0.468750000000000 
 1380.82340195016    0.368303571428571 
 1384.07367280607    0.270089285714286 
 1389.49079089924    0.185267857142857 
 1393.82448537378    0.125000000000000 
 1399.24160346696    0.0915178571428571
 1405.74214517877    0.100446428571429 
 1410.07583965330    0.133928571428571 
 1415.49295774648    0.187500000000000 
 1419.82665222102    0.245535714285714 
 1425.24377031419    0.308035714285714 
 1429.57746478873    0.363839285714286 
 1433.91115926327    0.415178571428571 
 1439.32827735645    0.459821428571429 
 1445.82881906826    0.497767857142857 
 1450.16251354280    0.529017857142857 
 1454.49620801733    0.555803571428571 
 1459.91332611051    0.573660714285714 
 1465.33044420368    0.591517857142857 
 1469.66413867822    0.604910714285714 
 1476.16468039003    0.616071428571429 
 1480.49837486457    0.625000000000000 
 1484.83206933911    0.631696428571429 
 1490.24918743229    0.636160714285714 
 1495.66630552546    0.640625000000000 
 1500.00000000000    0.642857142857143 
